WindowStart WindowStop SNPcount MeanY Wstat
201 3550 4 0.02725851 -0.221443050721418
3550 11650 4 0.0090383758 -1.09859413082581
11650 22150 3 0.0589753666666667 1.13056611457804
22150 29450 3 0.00961356333333333 -0.927429666592908
29450 31450 1 0.0140713 -0.428149908930556
31450 39250 5 0.0065893124 -1.36008453346164
39250 47650 15 0.0284696806666667 -0.31590965949904
47650 50750 10 0.016481753 -1.17044772119181
50750 51750 6 0.0255041333333333 -0.374651905502553
51750 52050 1 0.012512 -0.465683707095632
52050 52250 1 0.038752 0.165937445890694
52250 54750 10 0.018347439 -1.02843364664228
54750 55950 2 0.08256005 1.72595978360839
55950 57750 10 0.012571721 -1.46807528335341
57750 61750 4 0.084783125 2.54789869100072
61750 67150 12 0.0349039575 0.253958456459377
67150 68850 10 0.052559655 1.57576459117937
68850 70950 15 0.0408619133333333 0.839372385443088
70950 73450 13 0.0723284815384615 3.51236406630279
73450 74150 3 0.0257337333333333 -0.255346403594376
74150 75150 7 0.0692678001428571 2.38244898907585
75150 77250 10 0.025247164 -0.503233768141162
77250 79650 9 0.0465109111111111 1.05810491182434
79650 85250 9 0.0122620944444444 -1.41509749725538
85250 89250 6 0.040147005 0.488713647028681
89250 92050 13 0.0126998593076923 -1.66274236911417
92050 93750 2 0.02539825 -0.219909798887411
93750 102050 20 0.016341295 -1.67038312916931
102050 105450 13 0.0531645123076923 1.84914300259171
105450 112950 8 0.015278544625 -1.12879814194354
112950 130350 7 0.0453306157142857 0.857992893023059
130350 140150 5 0.015778138 -0.865503057313718
140150 141750 5 0.0219014862 -0.535918546348171
141750 146450 2 0.010149105 -0.739012546081653
146450 147850 2 0.021055815 -0.367732508817209
147850 147950 0 NA NA
147950 152450 4 0.0342759 0.116387129366594
152450 163250 9 0.0133169353333333 -1.33892449971836
163250 169850 20 0.0477077535 1.70616791701932
169850 171950 3 0.02276811 -0.378989380479313
171950 172750 5 0.038539932 0.359633011902225
172750 176750 8 0.023037459875 -0.600548955314085
176750 181250 4 0.033365325 0.0725503586821027
181250 195850 19 0.0222472731578947 -1.008416655247
195850 212550 3 0.0692043 1.55703152354464
212550 233650 6 0.0106582185833333 -1.24998918105508
233650 238850 2 0.03117665 -0.0232047826791436
238850 240650 1 0.00330644 -0.687270079850388
240650 247550 4 0.03582084 0.190763408642104
247550 257250 5 0.0152529546 -0.893770650206153
257250 264550 8 0.05417344 1.51927780474005
264550 270050 22 0.0147834220454545 -1.92780060691802
270050 274050 4 0.0175448375 -0.6890772751255
274050 280150 4 0.0068071 -1.20601188947112
280150 282050 1 0.0322181 0.00866040886716649
282050 285650 2 0.01438613 -0.594778143600026
285650 291550 2 0.03415975 0.0783442159798072
291550 297950 14 0.013925675 -1.61510600917801
297950 299750 8 0.033517285 0.112947573508055
299750 301850 8 0.02206734625 -0.666597071169507
301850 307150 19 0.0367219247368421 0.510303492468201
307150 311650 6 0.00533482766666667 -1.56386424905627
311650 317850 4 0.0794775 2.29247605534424
317850 326950 4 0.02025525 -0.558592986381708
326950 332150 7 0.00974162528571429 -1.40851650256161
332150 344850 3 0.00416404333333333 -1.15463143824766
344850 350650 6 0.0607673166666667 1.70451797699387
350650 351850 2 0.032660065 0.0272927895932132
351850 354950 5 0.031181566 -0.0364253830156905
354950 367050 4 0.011812415 -0.965046734641868
367050 375450 11 0.0209016872727273 -0.87471384685715
375450 377650 2 0.02002915 -0.402681656585702
377650 377950 1 0.024681 -0.172764583212606
377950 379750 3 0.01241975 -0.81043393444391
379750 382050 14 0.0227766971428571 -0.81793723166635
382050 388250 4 0.012061255 -0.953067115151844
388250 394950 3 0.0181231333333333 -0.572648074815996
394950 400650 4 0.00855691725 -1.12177243909304
400650 408250 9 0.0190579144444444 -0.924352413731654
408250 414750 7 0.00704371785714286 -1.5803345974735
414750 433550 6 0.0195867133333333 -0.72355181421987
433550 442450 3 0.00499226666666667 -1.12010109270179
442450 447250 3 0.0216861533333333 -0.424098394029191
447250 451350 16 0.012080299375 -1.90430056717939
451350 454850 10 0.028727258 -0.238332638607381
454850 455750 8 0.02395004 -0.538417885024916
455750 456950 4 0.035101625 0.156139063554828
456950 459450 3 0.0128492833333333 -0.792525800458146
459450 462750 12 0.03610413 0.354033809257903
462750 466350 9 0.0324907655555556 0.0456711655397226
466350 476650 1 0.0950827 1.52186967464553
476650 480450 6 0.0126385283333333 -1.13322716466838
480450 480950 4 0.03622318 0.210132803054643
480950 481650 4 0.02190321 -0.479257133083283
481650 484450 5 0.033988338 0.114646962831275
484450 488150 3 0.0119243233333333 -0.831089297923937
488150 491950 3 0.02849277 -0.140316452566196
491950 493250 7 0.00899784055714286 -1.45588494587227
493250 496150 6 0.00633499466666667 -1.50489291104037
496150 515550 4 0.0122833575 -0.942374688541239
515550 518650 5 0.087021018 2.96909020729553
518650 519650 3 0.013048336 -0.784226882660015
519650 522250 3 0.0798956766666667 2.00277715253489
522250 528550 18 0.0198569080555556 -1.22563505757052
528550 531250 2 0.0283826 -0.118318248437261
531250 539450 6 0.014774263 -1.00730106338701
539450 547150 10 0.038052114 0.471465684983837
547150 554650 2 0.00471074 -0.924142283633825
554650 556050 1 0.0486848 0.405029160386981
556050 558250 7 0.0185349371428571 -0.848508373572366
558250 560050 2 0.09859255 2.27172905751795
560050 561650 4 0.0135662475 -0.880613982675795
561650 564550 3 0.0662033666666667 1.43191639965279
564550 566450 9 0.0158809288888889 -1.15377138624929
566450 567550 6 0.0540879716666667 1.31069383390593
567550 571050 7 0.0141103571428571 -1.13029080181077
571050 572850 4 0.0408919425 0.434895695834317
572850 573350 5 0.01296426 -1.0169578781496
573350 574650 7 0.0328726057142857 0.0645959358388149
574650 579350 7 0.0147249757142857 -1.09114839428337
579350 583850 7 0.0504177342857143 1.18196954703176
583850 587950 21 0.018050978 -1.523043622254
587950 590950 13 0.0443151253846154 1.08111386655243
590950 601450 17 0.0164698229411765 -1.52726114212912
601450 605550 18 0.0802685038888889 4.94385681088602
605550 612350 2 0.007460775 -0.830527151547382
612350 616750 4 0.0418872625 0.482812248120167
616750 622450 3 0.00683824333333333 -1.04313850350127
622450 623550 4 0.030027855 -0.088121642038726
623550 626650 9 0.0154045233333333 -1.18817395785246
626650 627550 5 0.032369408 0.0275092997571002
627550 629650 5 0.014526628 -0.932864621256545
629650 640850 4 0.0482373 0.788514840136661
640850 653450 10 0.0215590572 -0.783968615292193
653450 658450 11 0.0713382090909091 3.15184738025754
658450 659350 5 0.03592721 0.219005258174465
659350 660250 2 0.06345675 1.07565607736939
660250 665450 16 0.0177085586875 -1.36239086652889
665450 667650 5 0.043565432 0.630126687218184
667650 669350 2 0.001197315 -1.04374430522657
669350 673150 8 0.048187975 1.11177019369235
673150 677850 6 0.016008985 -0.934500012744794
677850 680950 8 0.04238158 0.716454181444459
680950 686450 5 0.0078544796 -1.29198788122461
686450 691050 4 0.0110967875 -0.999498370820125
691050 700550 11 0.00849153181818182 -1.86546913636494
700550 704950 6 0.0460165 0.834787826268408
704950 707450 10 0.017320691 -1.10658863468184
707450 710550 4 0.048275105 0.790334843009271
710550 716650 7 0.0175796142857143 -0.909348768465748
716650 726550 13 0.0516646223076923 1.71896910118279
726550 732250 13 0.0195775207692308 -1.06583724605968
732250 736550 16 0.03128249625 -0.055441766865683
736550 738250 8 0.01598656875 -1.08059383037495
738250 738850 5 0.026627172 -0.281562139934793
738850 745750 7 0.0189262714285714 -0.823585979744814
745750 754450 6 0.0531879016666667 1.25762436429938
754450 757250 2 0.007524745 -0.828349521081017
757250 764550 8 0.0292293 -0.178990734302344
764550 782850 8 0.008289205125 -1.60465240597254
782850 793350 9 0.0601712777777778 2.04455802282464
793350 800350 16 0.01405949625 -1.71373614459182
800350 803050 8 0.02917925625 -0.182397856223593
803050 804050 10 0.015846477 -1.21880426844763
804050 809050 1 0.0378533 0.144304902819474
809050 830450 4 0.011476045 -0.981240210802692
830450 845850 5 0.04776408 0.856115689084266
845850 895950 7 0.0100218957142857 -1.39066728705951
895950 910550 15 0.0240751333333333 -0.72559706340847
910550 915250 3 0.01293757 -0.788844946533367
915250 930150 1 0.0343188 0.059226207498202
930150 954450 4 0.0179551275 -0.669325152956387
954450 955950 2 0.04274465 0.370586513786527
955950 956150 2 0.0250376 -0.232186841683948
956150 960650 2 0.06480135 1.1214281881256
960650 963850 1 0.00154776 -0.729603139657323
963850 966350 10 0.044872059 0.990592793003983
966350 971150 17 0.0189001884705882 -1.28605470545287
971150 973150 3 0.0388422666666667 0.291175491385124
973150 975550 7 0.0205424857142857 -0.720656258509768
975550 979350 11 0.0380115436363636 0.491238478001307
979350 983750 20 0.01542145105 -1.7694029165547
983750 986850 9 0.04215915 0.743852125560498
986850 993250 9 0.0459585588888889 1.01821801996597
993250 1000850 2 0.1108225 2.6880540805306
1000850 1004350 9 0.0486050166666667 1.20932610452347
1004350 1008550 2 0.08763505 1.89872005587354
1008550 1015950 3 0.0201539533333333 -0.487978984343459
1015950 1018850 10 0.1149507816 6.32491214559173
1018850 1022950 17 0.0204568291705882 -1.13156281857893
1022950 1026750 15 0.024465162 -0.689236132514658
1026750 1031550 24 0.0200662525 -1.39055493949206
1031550 1033650 4 0.0443277075 0.600299800307645
1033650 1035250 2 0.01032001 -0.733194694981855
1035250 1038550 15 0.058896726 2.52069130658785
1038550 1043350 31 0.0225601066451613 -1.2461572799361
1043350 1046250 9 0.0364542333333333 0.331884209094313
1046250 1048350 14 0.0147278027142857 -1.54286224353322
1048350 1049750 12 0.0324911858333333 0.0527715639385487
1049750 1055050 12 0.023410615 -0.704404033534178
1055050 1058050 13 0.0654037630769231 2.91137491490049
1058050 1065550 22 0.0235250192272727 -0.940851028509553
1065550 1069050 7 0.04607095 0.905141592501136
1069050 1074150 26 0.0244148161538462 -0.91360088911034
1074150 1078350 20 0.067481871 3.83482127238878
1078350 1081550 12 0.0235671314166667 -0.691353046599652
1081550 1081950 2 0.06399155 1.09386143571568
1081950 1083850 12 0.0133762603333333 -1.54111007651733
1083850 1084750 6 0.03092141 -0.0552411936557606
1084750 1086750 13 0.0171203346153846 -1.279093890303
1086750 1087250 5 0.0367977136 0.265859445447328
1087250 1087550 3 0.00862942 -0.96846063976037
1087550 1091150 24 0.0288725159583333 -0.352094084337912
1091150 1092650 8 0.014707346375 -1.16768695581049
1092650 1093450 5 0.027273124 -0.246794269960125
1093450 1099450 18 0.020234515 -1.18707221311844
1099450 1103050 12 0.1138643175 6.83800023720223
1103050 1115550 2 0.009929595 -0.746484981030407
1115550 1122350 2 0.04553435 0.465551899311275
1122350 1127150 4 0.0176447525 -0.684267181566001
1127150 1130550 9 0.0352317911111111 0.243608252631756
1130550 1131250 1 0.00755556 -0.584989817900035
1131250 1135850 2 0.04959215 0.603685225970887
1135850 1145350 7 0.0206444271428571 -0.714164048338192
1145350 1150450 2 0.05167215 0.67449140652488
1150450 1152750 6 0.0415930283333333 0.573973339428935
1152750 1155850 7 0.0579666068142857 1.66272469928643
1155850 1157850 13 0.0342651392307692 0.208885965338528
1157850 1159650 2 0.06518615 1.13452733152809
1159650 1164050 1 0.00812534 -0.571274684494984
1164050 1166350 4 0.030485195 -0.0661044455366859
1166350 1168650 2 0.00569897 -0.890501518341098
1168650 1170350 1 0.0594524 0.664215285649769
1170350 1175750 1 0.00278557 -0.699807904162735
1175750 1178450 10 0.05018771 1.39521460899728
1178450 1181750 3 0.02690606 -0.206469677639654
1181750 1189050 3 0.0542644666666667 0.934158939984982
1189050 1196850 7 0.0213200057142857 -0.671139361176254
1196850 1202550 9 0.0705079555555556 2.79099830514721
1202550 1209550 6 0.0158173116666667 -0.945801358348713
1209550 1235050 4 0.0168582905 -0.722128922055325
1235050 1258350 4 0.015559875 -0.784637054308779
1258350 1266750 8 0.02243647375 -0.641465813080618
1266750 1274850 7 0.0183823971428571 -0.858222988655264
1274850 1281650 6 0.0762163 2.61541307566446
1281650 1288150 3 0.0133901466666667 -0.769976088271306
1288150 1292350 5 0.033056858 0.0645107676898343
1292350 1293150 4 0.02016152 -0.563105322560779
1293150 1294250 2 0.0449189 0.444601099396873
1294250 1295750 4 0.0082701125 -1.1355797521172
1295750 1296950 9 0.0238511233333333 -0.578221454329485
1296950 1301350 3 0.00964911333333333 -0.925947513489089
1301350 1305850 15 0.0330034029333333 0.106752508999706
1305850 1309750 13 0.0100528346153846 -1.89247490371565
1309750 1312450 6 0.0296704333333333 -0.129000643687614
1312450 1317850 11 0.0193942636363636 -0.995057862427827
1317850 1322050 3 0.0718358666666667 1.66674698635499
1322050 1334150 2 0.0221641 -0.33000489929063
1334150 1336950 6 0.0343281566666667 0.145625670792432
1336950 1338550 2 0.01235655 -0.663867955104244
1338550 1340650 3 0.0403489833333333 0.353993628771244
1340650 1342650 6 0.0199335933333333 -0.703099252066792
1342650 1345950 9 0.0310846 -0.0558719643561986
1345950 1351550 7 0.0145432 -1.10272490598984
1351550 1352250 4 0.0263602325 -0.264687796929625
1352250 1352550 2 0.01317945 -0.635855259922571
1352550 1353650 4 0.0371607225 0.255267839245473
1353650 1355050 7 0.0141885085714286 -1.12531367419342
1355050 1357850 10 0.0407049298 0.673395259835856
1357850 1359350 5 0.0223792546 -0.510203029391485
1359350 1360350 1 0.0661158 0.82460950786048
1360350 1361650 3 0.00599140333333333 -1.078445016425
1361650 1362750 1 0.103511 1.72474667783587
1362750 1365950 1 0.00296736 -0.695432050145914
1365950 1369550 6 0.04519554 0.786382800250216
1369550 1375450 10 0.0200723 -0.89713902437381
1375450 1382350 7 0.0504585 1.18456573965576
1382350 1390850 6 0.0298167227333333 -0.120375202480752
1390850 1401650 9 0.0314772577777778 -0.0275170529618712
1401650 1407550 4 0.015043865 -0.809478733512474
1407550 1407850 3 0.0319084666666667 0.00209101343115621
1407850 1409050 10 0.0212609471 -0.806660445517304
1409050 1413250 6 0.0415588166666667 0.571956168537386
1413250 1417550 10 0.0094184973 -1.70809538620198
1417550 1418950 8 0.0240051825 -0.534663625591071
1418950 1420050 4 0.0080710475 -1.14516311071623
1420050 1420350 3 0.0221259766666667 -0.405761248638693
1420350 1420450 0 NA NA
1420450 1422650 12 0.021853825 -0.834215630186507
1422650 1429050 4 0.0231098 -0.421169650843818
1429050 1434050 16 0.12231653125 8.70965307272235
1434050 1436850 26 0.063059255 3.82954534793146
1436850 1437550 7 0.0816736428571429 3.17252363669779
1437550 1439250 8 0.0537056 1.4874259167493
1439250 1444050 6 0.0962957666666667 3.79932837778809
1444050 1450550 10 0.012522989 -1.47178471242183
1450550 1454750 9 0.0607801355555556 2.08852533817578
1454750 1460550 10 0.016978754 -1.13261652287377
1460550 1466050 3 0.0972138666666667 2.72480834975108
1466050 1470350 3 0.0412046633333333 0.389668699597581
1470350 1470550 2 0.083076905 1.74355426844023
1470550 1471550 8 0.02273222975 -0.621329896988381
1471550 1473850 4 0.068422025 1.76024496797293
1473850 1482050 8 0.01752210975 -0.976049798361431
1482050 1491550 2 0.0615428 1.01050247675819
1491550 1499350 4 0.0154695 -0.78898787456039
1499350 1501250 5 0.0294561698 -0.129293507483741
1501250 1503750 10 0.0278352178 -0.306233809256662
1503750 1510550 11 0.0612856381818182 2.3493080536703
1510550 1514650 7 0.0408844942857143 0.574838584052346
1514650 1516450 7 0.03885198 0.445396510260527
1516450 1520150 10 0.0208641459 -0.836864539452801
1520150 1522150 3 0.0365183966666667 0.194288539672804
1522150 1526350 5 0.015277464 -0.892451450587053
1526350 1530750 1 0.109612 1.87160341009081
1530750 1542350 12 0.0210656466666667 -0.899937203357437
1542350 1547250 20 0.0489644465 1.84144898688852
1547250 1551350 13 0.0205537547692308 -0.981110907149471
1551350 1555850 3 0.0378840733333333 0.251226427445345
1555850 1560750 5 0.021919986 -0.534922808830589
1560750 1563450 12 0.034076726 0.184980468538013
1563450 1576950 14 0.0144933042857143 -1.56398238340131
1576950 1577450 1 0.0525648 0.498424361362093
1577450 1577850 4 0.0150554325 -0.808921852591195
1577850 1584150 3 0.0263387433333333 -0.23012228406296
1584150 1591950 5 0.02326368 -0.462599511932768
1591950 1604450 11 0.0371317545454545 0.421001187367678
1604450 1613650 14 0.0171395767857143 -1.32564541172283
1613650 1615950 3 0.03209204 0.00974456577372943
1615950 1620350 7 0.0109441222857143 -1.33193465194316
1620350 1625850 15 0.0399790846666667 0.757069532132108
1625850 1628550 11 0.0227462236363636 -0.727456693982982
1628550 1634350 10 0.042059028 0.776467804048644
1634350 1645050 1 8.26059e-18 -0.766859159312282
1645050 1653950 1 0.0215602 -0.247885135584547
1653950 1656650 1 0.00452466 -0.657946393837011
1656650 1660150 1 0.0370027 0.123830171389208
1660150 1667850 2 0.020301235 -0.393419493299147
1667850 1674050 8 0.0300669725 -0.121959589802234
1674050 1678550 13 0.00938620384615385 -1.95033109852327
1678550 1686750 3 0.0392231666666667 0.307056001012265
1686750 1690250 5 0.0137171 -0.976436843720216
1690250 1696650 2 0.01964886 -0.415627273125547
1696650 1711350 4 0.01058459 -1.02415650919716
1711350 1716450 16 0.042100376875 0.986143939419519
1716450 1718150 7 0.0154575057142857 -1.0444967161224
1718150 1719450 5 0.039723442 0.423334528104233
1719450 1725950 8 0.02142806 -0.710121511211031
1725950 1732850 3 0.0818433333333333 2.08397899145682
1732850 1741950 3 0.0180296666666667 -0.576544893665607
1741950 1751150 3 0.04560699 0.5732108130442
1751150 1759250 1 0.0070353 -0.597512958946249
1759250 1764150 6 0.0312872133333333 -0.0336728835462043
1764150 1769050 5 0.017377334 -0.779427561623622
1769050 1779650 2 0.042110715 0.349006457983885
1779650 1795550 4 0.01024667 -1.04042460523505
1795550 1798650 9 0.0229311988888889 -0.644651759770831
1798650 1802850 3 0.00682066333333333 -1.04387145009945
1802850 1806450 14 0.0212277242857143 -0.957445728989882
1806450 1810350 17 0.0139680352352941 -1.77555601405417
1810350 1815150 7 0.0240866928571429 -0.494940982733499
1815150 1817950 4 0.004422823175 -1.32079540145626
1817950 1821950 5 0.0320802646 0.0119463784638252
1821950 1828150 11 0.0150935371818182 -1.33840307668994
1828150 1834250 2 0.1105014 2.67712337640758
1834250 1837050 3 0.0520902666666667 0.843512040454058
1837050 1843350 2 0.05344225 0.734748147004988
1843350 1847050 3 0.0405879 0.363954559265033
1847050 1851250 10 0.036720203 0.370082007319249
1851250 1867650 6 0.01373314 -1.06868722824661
1867650 1877450 3 0.0375043166666667 0.235393585752064
1877450 1878350 3 0.0194340833333333 -0.517991855084571
1878350 1878650 2 0.0319543 0.00326753766115098
1878650 1885850 6 0.0117549348333333 -1.18532515526111
1885850 1891150 2 0.024164495 -0.26190858700731
1891150 1895750 3 0.0131610166666667 -0.779528992369144
1895750 1899850 6 0.0288240366666667 -0.178905453509909
1899850 1901650 6 0.0189331933333333 -0.762084328110204
1901650 1901750 0 NA NA
1901750 1902350 2 0.003308905 -0.971862755805415
1902350 1903350 4 0.02870944 -0.151592587344707
1903350 1909650 11 0.0144362506818182 -1.39087704278829
1909650 1913550 3 0.0702738333333333 1.6016225826062
1913550 1916850 5 0.0156454848 -0.87264301385743
1916850 1920250 8 0.06138257375 2.01009629122119
1920250 1924450 10 0.030142555 -0.130601705498743
1924450 1932950 8 0.0419483125 0.686956088335635
1932950 1944950 11 0.0293300936363636 -0.201838457223307
1944950 1945050 1 0.0090541 -0.548918569325487
1945050 1945150 0 NA NA
1945150 1947850 3 0.0483972666666667 0.689543224352641
1947850 1951450 6 0.0150099386666667 -0.993405274582616
1951450 1964650 6 0.0620911183333333 1.78257129764034
1964650 1975050 5 0.0074452574 -1.31401395164524
1975050 1979450 4 0.024610955 -0.348901262740832
1979450 1981150 2 0.005385985 -0.901155976235661
1981150 1987250 5 0.032857518 0.0537814453860868
1987250 1996950 2 0.01118005 -0.703917700980097
1996950 2017050 3 0.0481529 0.679355072075003
2017050 2024950 5 0.0322907968 0.0232781123311727
2024950 2027750 3 0.0335867333333333 0.0720614254997015
2027750 2031050 12 0.0202207891666667 -0.970384920145632
2031050 2033650 10 0.039713345 0.59791685794541
2033650 2037550 12 0.0197618966666667 -1.00864927700608
2037550 2040250 10 0.038860893 0.533029099835046
2040250 2043150 6 0.011299875 -1.21215616173199
2043150 2046950 3 0.0649944033333333 1.38151221521105
2046950 2058250 3 0.0118728433333333 -0.833235605709721
2058250 2066750 4 0.044663305 0.616456086884575
2066750 2076250 3 0.0165824 -0.636884437464608
2076250 2087150 1 0.0209716 -0.262053283856184
2087150 2099250 3 0.00701229333333333 -1.03588199864277
2099250 2102050 5 0.03886258 0.376999292541633
2102050 2106750 17 0.0156356616470588 -1.61004913057466
2106750 2109850 8 0.02575984875 -0.415200918562707
2109850 2111950 2 0.016009425 -0.539518855685413
2111950 2112550 2 0.0337344 0.063864692470845
2112550 2116550 12 0.018505624 -1.11340249400431
2116550 2117550 2 0.05694145 0.853865929213898
2117550 2120750 9 0.0481369464444444 1.17552545054802
2120750 2125850 1 0.189593 3.7968203093667
2125850 2130650 13 0.0259623477692308 -0.511704716066829
2130650 2133350 17 0.0362083676470588 0.43172978991931
2133350 2137750 18 0.0207457061111111 -1.1348671793046
2137750 2142350 19 0.0346338131578947 0.291213097903043
2142350 2149550 3 0.01888026 -0.541081896504196
2149550 2153350 3 0.0590662 1.13435314430885
2153350 2159450 8 0.0101114399375 -1.48058943756326
2159450 2162950 1 0.160024 3.08506703678085
2162950 2164350 7 0.0226831252857143 -0.584328151340195
2164350 2165150 4 0.0893397 2.76726066929102
2165150 2166550 6 0.0214953083333333 -0.611018206451902
2166550 2168750 5 0.042091922 0.550816143886213
2168750 2184050 13 0.013476891 -1.5953045924065
2184050 2186250 12 0.0333176058333333 0.121681885629604
2186250 2187250 6 0.034185422 0.137209821964598
2187250 2187350 0 NA NA
2187350 2188550 6 0.0275985 -0.251164923199355
2188550 2193050 7 0.0502307914285714 1.17006396226946
2193050 2197750 10 0.0163189793 -1.18283788564955
2197750 2200850 16 0.0276657483125 -0.403675684906028
2200850 2207150 15 0.026134412 -0.533618125219902
2207150 2212250 6 0.0538360631666667 1.29584093303779
2212250 2215950 9 0.0108602021111111 -1.51633204587688
2215950 2216750 1 0.0903346 1.40757850099864
2216750 2219450 13 0.0175387546153846 -1.2427796513738
2219450 2221950 4 0.030884826 -0.0468654674125183
2221950 2226250 5 0.01354903 -0.985483082305501
2226250 2230350 2 0.056318055 0.83264467011464
2230350 2236650 9 0.00788971577777778 -1.7308391346105
2236650 2240750 2 0.05735355 0.867894403736158
2240750 2240950 1 0.00521045 -0.64143879206466
2240950 2243050 3 0.0715288556666667 1.65394706211992
2243050 2244350 3 0.0292085 -0.110476186996668
2244350 2247050 6 0.05496915 1.36264942266989
2247050 2251550 4 0.034169275 0.111254003952175
2251550 2252750 1 0.075622 1.05343256443512
2252750 2257650 4 0.0194176825 -0.598915040501668
2257650 2264450 14 0.0602475357142857 2.55688005996456
2264450 2269550 8 0.011996327375 -1.35226089888674
2269550 2276750 15 0.037986096 0.571270565609598
2276750 2278850 8 0.01733690625 -0.988658983419346
2278850 2282650 3 0.0435803333333333 0.488715300558223
2282650 2294850 5 0.027937512 -0.211034096453843
2294850 2315450 3 0.144457333333333 4.69448628941894
2315450 2367950 6 0.0738752566666667 2.47738166918947
2367950 2374650 2 0.271188 8.14712549766109
2374650 2385250 2 0.01664685 -0.517819995281746
2385250 2391650 9 0.0439434888888889 0.872704204788967
2391650 2397450 3 0.0133100566666667 -0.773315206192119
2397450 2401450 7 0.0396053071428571 0.493372668804881
2401450 2405850 2 0.0401238 0.281369024216847
2405850 2409550 17 0.0627789429411765 3.06877911833178
2409550 2410950 14 0.0344054078571429 0.229404527796412
2410950 2412950 12 0.0561258533333333 2.02352800798168
2412950 2417250 13 0.0165955575384615 -1.32463874990807
2417250 2421450 8 0.0283369575 -0.239743969082153
2421450 2424550 7 0.011228634 -1.3138153272358
2424550 2428350 11 0.0333247936363636 0.117075368594012
2428350 2432350 25 0.0075919652876 -2.92056754420126
2432350 2438850 6 0.01745986 -0.84895425884187
2438850 2443150 1 0.00139127 -0.733369999193559
2443150 2445050 9 0.0216151032222222 -0.739690692212177
2445050 2448050 6 0.0111712783333333 -1.21973841299375
2448050 2452750 4 0.02852745 -0.160353923749583
2452750 2453250 1 0.0108424 -0.505872528628634
2453250 2454850 1 0.0296202 -0.0538734552084118
2454850 2462050 7 0.00907270985714286 -1.45111684287617
2462050 2464650 1 0.117897 2.07103104928638
2464650 2465550 5 0.04062588 0.471907559914955
2465550 2471950 8 0.06314510125 2.13009421467925
2471950 2476350 18 0.0168982220555556 -1.52778879091462
2476350 2476850 2 0.04802336 0.550281366359686
2476850 2477550 6 0.0154441533333333 -0.96780333022786
2477550 2482050 11 0.0244322136363636 -0.59285696905001
2482050 2488650 9 0.01153812 -1.46737770762115
2488650 2495350 16 0.04039639 0.822077757306552
2495350 2501050 12 0.01588179 -1.33218863785844
2501050 2505750 10 0.060299381 2.16490447064296
2505750 2508950 8 0.038619977875 0.460353528333849
2508950 2513050 7 0.0506271871428571 1.19530869666566
2513050 2522250 15 0.0213713386666667 -0.977661845892134
2522250 2528950 2 0.1091326 2.63052746297378
2528950 2533250 19 0.0153221558421053 -1.73501895965603
2533250 2537850 7 0.0332188394285714 0.086646068676153
2537850 2545350 4 0.0096337725 -1.06993062852868
2545350 2546950 2 0.035564825 0.126174982394183
2546950 2547450 0 NA NA
2547450 2552050 6 0.05347085 1.2743074200351
2552050 2555850 3 0.0351007 0.135181830396445
2555850 2556750 0 NA NA
2556750 2567250 3 0.0400452333333333 0.34132966237785
2567250 2574250 1 0.063734 0.767277371344366
2574250 2581250 8 0.02743149125 -0.301390706373545
2581250 2586150 1 0.16418 3.1851058139078
2586150 2588250 5 0.0713259 2.12431254291633
2588250 2590950 2 0.1953885 5.56680190011185
2590950 2597050 3 0.030314168 -0.064378598867445
2597050 2597450 2 0.0375877 0.195036546090414
2597450 2607550 6 0.015361585 -0.972671682307473
2607550 2611550 2 0.036774865 0.167366477931469
2611550 2614450 4 0.0214191475 -0.502560800336899
2614450 2616750 5 0.0658483 1.82948493254708
2616750 2620450 7 0.0321942628571429 0.0213952032350678
2620450 2625750 4 0.05694695 1.20781355775155
2625750 2633650 20 0.0214194775 -1.12372458838723
2633650 2652350 2 0.040417915 0.291381120271481
2652350 2676950 1 0.0270589 -0.115526323316029
2676950 2700750 1 0.0419957 0.244016315324449
2700750 2705350 3 0.00976923 -0.920939600962494
2705350 2711850 3 0.0451646666666667 0.554769437477623
2711850 2716350 2 0.01422545 -0.600247921047822
2716350 2726950 1 0.0434265 0.278456999230426
2726950 2733650 9 0.0132686566666667 -1.34241083665868
2733650 2736350 10 0.03506354 0.243978545758491
2736350 2742250 10 0.0227239496 -0.695298219450782
2742250 2742350 1 0.0272986 -0.109756521853726
2742350 2744550 20 0.02393898925 -0.852503021076812
2744550 2746350 9 0.0643930511111111 2.34942402973549
2746350 2747350 8 0.017434753 -0.981997296258652
2747350 2749350 6 0.0619082333333333 1.77178812527709
2749350 2758050 18 0.0214656517777778 -1.06134323286749
2758050 2777350 2 0.1362306 3.55298221328729
2777350 2784750 7 0.0190915557142857 -0.813059736038469
2784750 2787950 6 0.0359185666666667 0.239398616404389
2787950 2790850 6 0.00784404 -1.41591734752615
2790850 2793950 8 0.03989015625 0.54683091233003
2793950 2803150 21 0.0242592325 -0.838230624338168
2803150 2809350 6 0.1023534 4.15649547375947
2809350 2819650 6 0.0248488633333333 -0.413287602002919
2819650 2824350 4 0.07745235 2.19498157531602
2824350 2828850 5 0.039680766 0.42103752520148
2828850 2830050 9 0.0334166411111111 0.112531217283837
2830050 2830750 3 0.01239559 -0.811441214865522
2830750 2832850 8 0.0326216625 0.0519710269280368
2832850 2838550 11 0.0115080809090909 -1.62464524186784
2838550 2845450 2 0.07444415 1.44968291785927
2845450 2848450 2 0.01624275 -0.531576138340336
2848450 2849950 3 0.04671649 0.619468165187314
2849950 2853150 6 0.0242627683333333 -0.447844637332451
2853150 2857850 8 0.0260532675 -0.395224129148835
2857850 2863550 6 0.00616703666666667 -1.5147959652208
2863550 2871150 6 0.05500978 1.36504502806738
2871150 2876450 18 0.0176508694444444 -1.45092520402352
2876450 2880550 8 0.05557621625 1.61478283208077
2880550 2889750 14 0.0227288622857143 -0.822245486009809
2889750 2898550 3 0.117950333333333 3.58935457850634
2898550 2906350 4 0.00501872 -1.29210782221332
2906350 2912150 11 0.0555277918181818 1.88963478351344
2912150 2918950 12 0.0134674225 -1.53350859757073
2918950 2922550 3 0.0287343733333333 -0.130243509376516
2922550 2929850 14 0.00909039514285714 -2.050596291592
2929850 2935050 19 0.0422760685263158 1.09305949390795
2935050 2936150 6 0.0266616333333333 -0.306403979152844
2936150 2936750 2 0.04487625 0.443149232281187
2936750 2939450 17 0.0214841835294118 -1.02960100209628
2939450 2939750 2 0.05427483 0.763090363257702
2939750 2940450 5 0.0148205744 -0.917043182179459
2940450 2942350 4 0.0340854175 0.10721694824817
2942350 2943950 2 0.0140248 -0.607078334570976
2943950 2947550 1 0.0818206 1.20263861927129
2947550 2952150 6 0.00725533766666667 -1.45062811511772
2952150 2956750 15 0.026558274 -0.494103037720743
2956750 2959850 20 0.0172717275 -1.57022350065139
2959850 2962950 10 0.039422115 0.575748733764246
2962950 2967350 6 0.02308745 -0.51714315919059
2967350 2970750 5 0.0341503082 0.123364884369363
2970750 2973450 18 0.0194668372222222 -1.26547076793665
2973450 2977750 13 0.0294566823076923 -0.20843503649069
2977750 2982850 14 0.0153718557857143 -1.48485549681893
2982850 2989050 1 0.0500501 0.4378931985033
2989050 2994550 4 0.0116953475 -0.97068258138937
2994550 2998050 6 0.01430872 -1.03475017299964
2998050 3009050 4 0.03480382675 0.141802503034835
3009050 3015450 3 0.11033684 3.2719322782276
3015450 3018350 4 0.033643675 0.0859506443477842
3018350 3020150 3 0.0929610666666667 2.54750031262243
3020150 3029450 3 0.0170713566666667 -0.61649882168027
3029450 3036550 4 0.05081655 0.912684722670196
3036550 3041550 10 0.02169431 -0.773673313069722
3041550 3045850 8 0.058423475 1.80863236778888
3045850 3053750 4 0.01588167 -0.769145245701673
3053750 3065450 3 0.03325069 0.0580510831785243
3065450 3080450 9 0.0331349657444444 0.0921906547996321
3080450 3085050 20 0.04696948205 1.62669413017569
3085050 3089250 6 0.006843021 -1.47493892073277
3089250 3092550 8 0.0258418225 -0.409619910732719
3092550 3098950 9 0.0134340255555556 -1.33046908876218
3098950 3101350 4 0.04352335 0.561576537231182
3101350 3102150 1 0.00368385 -0.678185470881311
3102150 3105150 6 0.033265711 0.0829822897045404
3105150 3109850 17 0.0164302705058824 -1.53118660184443
3109850 3113050 12 0.0251191433333333 -0.56193986632104
3113050 3119950 12 0.0135892841666667 -1.52334726719173
3119950 3123450 14 0.05245252 1.85482067661345
3123450 3129350 9 0.0195600555555556 -0.888091406007359
3129350 3130150 1 0.042725 0.261571243177838
3130150 3131650 5 0.015680282 -0.870770081309683
3131650 3132650 3 0.02347769 -0.349405521142935
3132650 3137450 2 0.0069008 -0.849589502968403
3137450 3144650 2 0.0324977 0.021765652330882
3144650 3153450 6 0.0157863585 -0.947626403220382
3153450 3156150 5 0.03331024 0.0781488591113659
3156150 3156550 3 0.0173202776666667 -0.606120789816533
3156550 3158650 3 0.0376216566666667 0.24028573329643
3158650 3168150 16 0.02650196 -0.515729544017805
3168150 3174650 8 0.12536544625 6.36623362064247
3174650 3184050 6 0.009724999 -1.30501319953581
3184050 3189850 7 0.0297322571428571 -0.135399328338154
3189850 3190350 3 0.0185190033333333 -0.556143434894505
3190350 3190850 5 0.04316612 0.608634025696392
3190850 3196150 5 0.019301244 -0.675874584431875
3196150 3200850 9 0.0358394533333333 0.287489233587499
3200850 3210550 5 0.011782112 -1.08058608574833
3210550 3211550 6 0.0290014116666667 -0.168447158964527
3211550 3215250 7 0.0168608 -0.955126951904859
3215250 3219350 3 0.0685104333333333 1.5281027856083
3219350 3222350 4 0.023930995 -0.381635799264047
3222350 3229550 4 0.05259725 0.998410925956991
3229550 3236750 3 0.0299605266666667 -0.0791226382440657
3236750 3241050 2 0.04233272 0.35656382630787
3241050 3245750 1 0.000673229 -0.750653912467624
3245750 3248750 2 0.07808825 1.57373330370389
3248750 3251050 5 0.020878856 -0.5909608309541
3251050 3254450 9 0.0523982044444444 1.48324275517442
3254450 3257350 3 0.02056256 -0.470943326418246
3257350 3257850 2 0.04809121 0.55259107758593
3257850 3262150 10 0.016225027 -1.18998943684106
3262150 3266550 4 0.04142009 0.460321696817308
3266550 3271150 6 0.0277082716666667 -0.244692622014084
3271150 3275750 15 0.0458873266666667 1.30787309460339
3275750 3277650 7 0.0246303514285714 -0.460317711736079
3277650 3277950 2 0.0615782 1.01170754348492
3277950 3281550 11 0.0127718772727273 -1.52375102368342
3281550 3286150 6 0.0430302866666667 0.658716234356657
3286150 3290150 19 0.0210026205263158 -1.13900902344155
3290150 3294750 23 0.0293769900434783 -0.286444200281458
3294750 3298250 12 0.0150807009166667 -1.398986762826
3298250 3298650 2 0.01581576 -0.546111489799351
3298650 3298850 1 0.00424894 -0.664583230128985
3298850 3303050 4 0.041760935 0.476730607784505
3303050 3308850 1 0.0035791 -0.680706900598358
3308850 3314250 4 0.0454143 0.652610380161021
3314250 3318450 7 0.0296868042857143 -0.138294024886998
3318450 3323450 12 0.055786687 1.99524691466741
3323450 3328850 24 0.021488948875 -1.22278633920006
3328850 3334050 10 0.027509145 -0.331054131072752
3334050 3339750 19 0.0104737789473684 -2.24372396257736
3339750 3341150 7 0.0267489285714286 -0.325394665543072
3341150 3341950 4 0.0036252 -1.35919446162715
3341950 3345050 16 0.02435250625 -0.722686930582711
3345050 3349750 8 0.01319452625 -1.27068408553786
3349750 3352750 2 0.0578255 0.883960258020994
3352750 3355550 2 0.00912689 -0.77381020947348
3355550 3357250 6 0.0280423116666667 -0.224997125411184
3357250 3359650 6 0.0134808216666667 -1.08356429349932
3359650 3362650 11 0.0315014513636364 -0.0284897702073747
3362650 3367850 6 0.0210345316666667 -0.638186285942469
3367850 3374350 5 0.061200488 1.57932002357133
3374350 3385350 21 0.0145511557142857 -1.90909799416363
3385350 3393750 13 0.0233803416153846 -0.735794358979296
3393750 3398250 2 0.00711382 -0.842337996919551
3398250 3399050 2 0.031252 -0.0206397607057092
3399050 3403750 1 0.00171429 -0.7255946080031
3403750 3422850 5 0.04355086 0.629342360517019
3422850 3423950 2 0.0113896 -0.696784318703612
3423950 3426150 5 0.04577814 0.749223994813652
3426150 3430950 7 0.0202833271428571 -0.737160950832189
3430950 3435650 7 0.0914078414285714 3.79245278486822
3435650 3440450 12 0.009109183 -1.89691665394843
3440450 3442350 5 0.026759338 -0.274448406556659
3442350 3446950 6 0.01593045 -0.939130553475571
3446950 3457350 14 0.0588959535714286 2.43514959006652
3457350 3460550 9 0.0329248936666667 0.0770207651682032
3460550 3467950 12 0.056529425 2.05717948468286
3467950 3472350 18 0.0210328172222222 -1.10554615838289
3472350 3473950 8 0.0368238375 0.338067144014072
3473950 3479150 24 0.011326436 -2.42118017111534
3479150 3480950 3 0.0304575666666667 -0.0584000115570774
3480950 3485950 2 0.011519965 -0.692346507295957
3485950 3492450 7 0.0326175142857143 0.0483502623137213
3492450 3497450 2 0.00768837 -0.822779491613158
3497450 3504050 7 0.03300932 0.0733026793949153
3504050 3509050 5 0.014211066 -0.949849503391667
3509050 3511150 4 0.0327894025 0.0448243805204589
3511150 3512450 2 0.0266351 -0.177805652532503
3512450 3520750 4 0.049463975 0.847569251557354
3520750 3524850 13 0.0280262453846154 -0.3325811772052
3524850 3528250 7 0.0694064248571429 2.39127739959284
3528250 3532350 2 0.04680465 0.508794731598649
3532350 3539150 2 0.0609519 0.990387394022919
3539150 3543350 17 0.0208873235294118 -1.08883755398625
3543350 3544550 2 0.0321033 0.00833971117199003
3544550 3548450 5 0.016788044 -0.811145642994021
3548450 3551750 2 0.0442912 0.423233291928728
3551750 3552650 3 0.00475821333333333 -1.12985926075971
3552650 3556150 4 0.0416635425 0.472041952057202
3556150 3561250 3 0.00609331266666667 -1.0741962053221
3561250 3563950 7 0.0280867 -0.240197769663506
3563950 3564850 1 0.00210599 -0.71616602547167
3564850 3565550 3 0.0357244666666667 0.161187954195577
3565550 3565750 1 0.018571 -0.319837953820321
3565750 3568850 5 0.043617612 0.632935235616947
3568850 3572050 4 0.0116981275 -0.97054874702921
3572050 3577650 8 0.052608325875 1.4127203496224
3577650 3588250 10 0.0240196287 -0.596672476265882
3588250 3592450 2 0.04420385 0.42025977275979
3592450 3596350 4 0.0115167575 -0.97928023548326
3596350 3596650 3 0.0300725666666667 -0.0744514586729845
3596650 3599050 9 0.0164037312222222 -1.11601837414213
3599050 3602850 10 0.04012736 0.629431248402659
3602850 3606750 10 0.014661852 -1.30897668924257
3606750 3609150 9 0.0338018895555556 0.14035108008866
3609150 3613750 5 0.02159362 -0.552489207962649
3613750 3617450 9 0.0508253066666667 1.36965942728612
3617450 3622150 1 0.000278271 -0.76016091808276
3622150 3625850 4 0.02394185 -0.381113219415292
3625850 3632650 23 0.0144336323913043 -2.01150713677425
3632650 3638550 4 0.059022705 1.30774425641139
3638550 3644550 2 0.0134983 -0.625001149023705
3644550 3646250 1 0.0275385 -0.103981906205806
3646250 3651750 5 0.008302542 -1.26787126688834
3651750 3656650 5 0.039732948 0.423846181248707
3656650 3657750 1 0.0216122 -0.246633447324056
3657750 3659550 4 0.0515806 0.949467507878977
3659550 3661350 8 0.020269725 -0.788984277703349
3661350 3663950 5 0.05747982 1.37905792786932
3663950 3667850 19 0.0153215205263158 -1.73508561873133
3667850 3671050 13 0.0287414469230769 -0.270509575584283
3671050 3674350 6 0.0146238316666667 -1.01617071916068
3674350 3675250 7 0.0347229685714286 0.182437570300811
3675250 3676550 6 0.0135349233333333 -1.0803743785429
3676550 3678750 3 0.0649429 1.37936493461028
3678750 3682350 11 0.0270861245454545 -0.380984017039471
3682350 3688050 3 0.0761657333333333 1.84726809237818
3688050 3694650 1 0.0125243 -0.465387634680169
3694650 3698350 2 0.02432005 -0.256613271903428
3698350 3703350 10 0.020087189 -0.896005689205958
3703350 3710950 8 0.0436476625 0.802652706532201
3710950 3714950 3 0.0406937333333333 0.368366970052306
3714950 3716550 2 0.04878273 0.576131409305496
3716550 3721450 1 0.00269136 -0.702075626297752
3721450 3728250 1 0.0457777 0.335052565347097
3728250 3735650 7 0.00959732142857143 -1.41770659320747
3735650 3738350 21 0.0418771932857143 1.10515113342136
3738350 3739950 8 0.0183362625 -0.920619945846978
3739950 3741250 5 0.035975634 0.22161164275978
3741250 3741750 1 0.016296 -0.374599315216811
3741750 3741950 1 0.0353381 0.083761704496638
3741950 3749550 14 0.02544086 -0.577988962004133
3749550 3753850 6 0.0636601641666667 1.87508458012211
3753850 3758750 7 0.0133553307142857 -1.17837518053757
3758750 3762550 5 0.0401101712 0.444149930086125
3762550 3766750 6 0.00994741833333333 -1.29189902391587
3766750 3768650 4 0.023759 -0.389915957816477
3768650 3776050 4 0.01348514 -0.884518648275325
3776050 3782850 8 0.16065956875 8.76915863047878
3782850 3788250 13 0.0524344092307692 1.7857781118639
3788250 3789950 7 0.0433470671428571 0.731669234509494
3789950 3797950 5 0.007459106 -1.31326856139313
3797950 3800050 2 0.0330372 0.0401310054120739
3800050 3808050 6 0.0159139233333333 -0.940104990390882
3808050 3812050 30 0.065877694 4.48517993774516
3812050 3814950 24 0.030646710375 -0.142875786491292
3814950 3817850 16 0.0677703999375 3.45774905587102
3817850 3822150 9 0.0177677324444444 -1.01752004815264
3822150 3822550 4 0.021543675 -0.496565815342348
3822550 3826150 7 0.0175384971428571 -0.911967342060646
3826150 3829450 5 0.066247606 1.85097727112348
3829450 3830450 5 0.039173842 0.39375273048138
3830450 3830850 0 NA NA
3830850 3836250 4 0.0237784125 -0.388981404033523
3836250 3838750 6 0.0830558 3.01868019641508
3838750 3845050 12 0.0304072575 -0.120995009754131
3845050 3853450 6 0.0464551666666667 0.860652267183085
3853450 3858550 21 0.0127359699047619 -2.10932542298348
3858550 3863050 11 0.0339445401818182 0.166552361071038
3863050 3867550 3 0.0139522766666667 -0.746539724719968
3867550 3869750 2 0.015741385 -0.54864332137565
3869750 3876550 4 0.00803568 -1.14686576781441
3876550 3878550 4 0.01534575 -0.794945429261767
3878550 3881850 4 0.01984370325 -0.578405610828566
3881850 3881950 0 NA NA
3881950 3884750 12 0.0176819683333333 -1.18208231413531
3884750 3894550 4 0.044805375 0.623295600391036
3894550 3894850 1 0.019961 -0.286379363780268
3894850 3895050 2 0.04524835 0.455816049485101
3895050 3906350 7 0.0198886185714286 -0.76229823837217
3906350 3914150 15 0.0497244526666667 1.66559416805488
3914150 3916150 11 0.0187233126363636 -1.04862272345518
3916150 3916950 6 0.0295250116666667 -0.137574922042965
3916950 3922950 15 0.01396906 -1.66774892424897
3922950 3937350 7 0.0424996814285714 0.677702890986275
3937350 3951650 5 0.007725558 -1.29892698726612
3951650 3956850 2 0.0259677 -0.200524904889107
3956850 3961150 3 0.00804115666666667 -0.992986556085635
3961150 3964850 3 0.075985304 1.83974561990504
3964850 3972050 5 0.017284896 -0.784402965933414
3972050 3980850 1 0.109612 1.87160341009081
3980850 3989450 19 0.0207537436842105 -1.16512186438583
3989450 3993850 3 0.0551894333333333 0.972722715397909
3993850 3998150 5 0.023419402 -0.45421789495783
3998150 4001750 5 0.073716804 2.25300111326508
4001750 4008150 9 0.0158333688888889 -1.15720582626865
4008150 4011250 22 0.0411319663636364 1.04702014558633
4011250 4012750 10 0.01977123964 -0.920055425316384
4012750 4014250 9 0.0541738655555556 1.61146818790837
4014250 4015150 4 0.011295552 -0.989929478848878
4015150 4017550 3 0.0450502966666667 0.550001115382438
4017550 4024850 1 0.00794913 -0.575516222733083
4024850 4032950 2 0.0514939 0.668423521100001
4032950 4041650 4 0.02093045 -0.526087605093875
4041650 4041850 0 NA NA
4041850 4042450 1 0.000507872 -0.754634208923201
4042450 4045150 5 0.060415766 1.53708296499382
4045150 4046750 7 0.0351581814285714 0.210154401205956
4046750 4052550 2 0.10145755 2.36925776294449
4052550 4060450 2 0.01072372 -0.719451828082118
4060450 4066450 4 0.0167270475 -0.728447203685004
4066450 4073750 6 0.0169494316666667 -0.879049874651925
4073750 4075150 2 0.0568617 0.851151124935446
4075150 4077850 1 0.00736407 -0.589599159919294
4077850 4084750 13 0.0410138976923077 0.794603730377886
4084750 4087650 6 0.00960179333333333 -1.31227758939718
4087650 4089050 2 0.057188055 0.862260716788666
4089050 4092050 1 0.00269136 -0.702075626297752
4092050 4094550 5 0.014169904 -0.952065016407955
4094550 4100750 4 0.00969841375 -1.06681867876836
4100750 4105050 11 0.0297811090909091 -0.165831982616496
4105050 4105550 2 0.01452136 -0.590174720621028
4105550 4113550 1 0.0369743 0.123146557031555
4113550 4132950 3 0.00544945 -1.10104017296861
4132950 4134850 2 0.03034735 -0.0514353430317525
4134850 4136050 8 0.015362346375 -1.12309267863465
4136050 4138150 8 0.0381362 0.427416544136467
4138150 4144450 4 0.0154020525 -0.792234922404601
4144450 4153350 5 0.050609884 1.00928890233446
4153350 4160050 3 0.0105604333333333 -0.887952695863975
4160050 4160950 2 0.06147605 1.0082302111082
4160950 4161250 2 0.005888245 -0.884058326117849
4161250 4165150 5 0.056683992 1.33622309737696
4165150 4168750 8 0.0271871 -0.318029563078657
4168750 4170650 1 0.0344573 0.0625600310381643
4170650 4178950 6 0.0123436183333333 -1.15061549811097
4178950 4181550 14 0.0259452607142857 -0.532560028001562
4181550 4183650 6 0.00931478666666667 -1.32919993051903
4183650 4190450 6 0.0358462416666667 0.235134226535497
4190450 4199550 3 0.0141471166666667 -0.738416441717206
4199550 4201150 1 0.0819832 1.20655255217813
4201150 4204650 3 0.00765601333333333 -1.00904397906497
4204650 4209950 1 0.130785 2.3812571704635
4209950 4218250 6 0.00928073833333333 -1.33120747103364
4218250 4222450 6 0.0149239133333333 -0.998477456538161
4222450 4225650 2 0.01727385 -0.496476016816672
4225650 4234050 4 0.0302219725 -0.0787764652731145
4234050 4245050 1 0.0163102 -0.374257508037985
4245050 4249450 4 0.023880465 -0.384068407256455
4249450 4253350 4 0.015759564 -0.775023655191501
4253350 4262450 4 0.05042979 0.894065378376828
4262450 4264750 9 0.0241135377777778 -0.559271776666345
4264750 4267650 12 0.0337126733333333 0.154624249699545
4267650 4268650 4 0.00985808925 -1.05913160381305
4268650 4269450 6 0.038597425 0.397348099112498
4269450 4273250 4 0.014308465 -0.844882254541905
4273250 4276350 12 0.0235059775 -0.69645231340124
4276350 4280250 6 0.00885427833333333 -1.35635218867606
4280250 4284450 5 0.0410453 0.4944825190834
4284450 4291050 6 0.0155147933333333 -0.963638290472056
4291050 4295250 2 0.063799 1.08730675779949
4295250 4299750 11 0.0359939554545455 0.330165865292607
4299750 4303650 5 0.09641754 3.47485078255516
4303650 4304650 3 0.0222805 -0.399318850942137
4304650 4305650 4 0.09882815 3.22405226449323
4305650 4311750 3 0.0484847666666667 0.693191280515347
4311750 4315750 5 0.07577388 2.36372164806644
4315750 4326050 3 0.0140344773333333 -0.743112608735833
4326050 4332350 1 0.1279 2.31181254293433
4332350 4338850 3 0.0238880666666667 -0.332296068253059
4338850 4343050 4 0.03647395975 0.222205805710179
4343050 4357450 5 0.00938284482 -1.20972479783332
4357450 4376950 2 0.03883125 0.237368770046143
4376950 4404350 7 0.00545464857142857 -1.6815355706659
4404350 4411550 5 0.016004632 -0.853312191828292
4411550 4420650 4 0.005780085 -1.25545429788836
4420650 4428150 7 0.0245881642857143 -0.463004429018788
4428150 4432550 16 0.012665228875 -1.84798138345901
4432550 4436650 10 0.039039191 0.546600957834747
4436650 4438350 7 0.00877807 -1.46988118534518
4438350 4439350 4 0.05299196 1.01741299800693
4439350 4441550 10 0.012084473 -1.50516409347264
4441550 4445850 23 0.0317648652173913 -0.0107876138991182
4445850 4449750 10 0.015952334 -1.21074654389506
4449750 4450250 2 0.02233745 -0.324103816887248
4450250 4455350 4 0.0162973025 -0.749135925665957
4455350 4459050 3 0.0473209 0.644667269476471
4459050 4459750 5 0.017059638 -0.796527304668728
4459750 4460150 3 0.0632608666666667 1.30923748240978
4460150 4462750 6 0.0238884466666667 -0.469915201079981
4462750 4464250 1 0.0585526 0.642556264557654
4464250 4465250 6 0.0324978216666667 0.0377063893450934
4465250 4468950 7 0.0470182 0.965467861920793
4468950 4473350 15 0.0182737542666667 -1.26643818961256
4473350 4477250 14 0.0331381507142857 0.115268803011269
4477250 4484150 2 0.006211 -0.87307128342328
4484150 4488250 1 0.0429632 0.267304938248011
4488250 4494350 4 0.01964525 -0.587959518647079
4494350 4501150 5 0.066520768 1.86568000584374
4501150 4511050 13 0.0174976084615385 -1.24635068349891
4511050 4513650 4 0.018439785 -0.645992841298348
4513650 4527750 8 0.00691459275 -1.69823995598792
4527750 4531250 18 0.0225393983333333 -0.951687618710911
4531250 4535350 15 0.0132672866 -1.73317266430017
4535350 4537850 7 0.0400710871428571 0.523036189280244
4537850 4540450 3 0.0129147333333333 -0.789797054448442
4540450 4551450 5 0.041934254 0.54232978495681
4551450 4564950 4 0.0172507675 -0.703234350770217
4564950 4568550 6 0.0528473216666667 1.23754325954241
4568550 4572950 11 0.0229322854545455 -0.712602590727446
4572950 4576950 1 0.267176 5.66431512309147
4576950 4583350 11 0.00933833090909091 -1.79786557720394
4583350 4593450 11 0.0244382854545455 -0.592372230079367
4593450 4604250 5 0.01727233 -0.785079321226224
4604250 4608450 2 0.08440275 1.78868793212129
4608450 4612750 11 0.0288519954727273 -0.240007059241358
4612750 4616550 14 0.0771095864285714 4.0755634546383
4616550 4620650 17 0.0181327164117647 -1.3622239887632
4620650 4623350 5 0.05437046 1.21169901546648
4623350 4626850 4 0.0230067675 -0.426129826639936
4626850 4630350 3 0.0268159766666667 -0.21022543831764
4630350 4638450 2 0.008096475 -0.808887012615568
4638450 4642350 10 0.03754308 0.432718547242414
4642350 4648750 4 0.02009062025 -0.566518568127962
4648750 4656250 4 0.0333097625 0.0698754767985048
4656250 4666250 3 0.00635992 -1.06308079360336
4666250 4672150 1 0.300005 6.45453962123888
4672150 4679250 2 0.0022397055 -1.00825983890409
4679250 4682750 11 0.0340526318181818 0.175181774366551
4682750 4684550 14 0.0206950285714286 -1.00542305686105
4684550 4689450 6 0.03055125 -0.07706637932972
4689450 4696250 3 0.0187441733333333 -0.546755631395573
4696250 4710050 8 0.04633087875 0.985333758708075
4710050 4713250 18 0.0137916462777778 -1.84504566412519
4713250 4714150 2 0.04106905 0.313546688721012
4714150 4718850 8 0.01188195125 -1.36004795326926
4718850 4722850 4 0.0177661425 -0.678423241645192
4722850 4728950 1 0.00688216 -0.601199180873396
4728950 4737350 6 0.0230166583333333 -0.521317141439263
4737350 4742550 2 0.00536233 -0.901961226332298
4742550 4747050 7 0.0237734514285714 -0.514889979105521
4747050 4752250 1 0.0146473 -0.414285054352808
4752250 4756650 5 0.025959538 -0.317497026896467
4756650 4763850 3 0.01737128 -0.603994396943058
4763850 4768950 8 0.03961234625 0.527916811349544
4768950 4769650 1 0.00904858 -0.549051440848524
4769650 4770850 5 0.030470968 -0.0746727742587844
4770850 4780050 17 0.0114987935294118 -2.02062079380046
4780050 4786150 12 0.0338681333333333 0.167587148237929
4786150 4793550 6 0.0317407833333333 -0.00692971987066441
4793550 4801850 2 0.1020925 2.39087237080158
4801850 4811750 8 0.0316679375 -0.0129613043689411
4811750 4816250 12 0.0252900259166667 -0.547690968921535
4816250 4819050 10 0.009376847 -1.71126576364449
4819050 4820750 6 0.0282587683333333 -0.212234517510907
4820750 4827050 8 0.02363130375 -0.560118362396649
4827050 4836950 1 0.157895 3.03382003088497
4836950 4847550 9 0.0149235796555556 -1.22290423989661
4847550 4853550 5 0.095717196 3.43715530498169
4853550 4857950 2 0.009006815 -0.77789773453599
4857950 4860650 8 0.04148136 0.655164623888386
4860650 4864750 1 0.011925 -0.47981334188233
4864750 4869250 5 0.03723196 0.289232424201427
4869250 4873450 24 0.0207842758333333 -1.30588348623814
4873450 4887250 1 0.13809 2.55709530013443
4887250 4892750 19 0.0229361364210526 -0.936139232120605
4892750 4905650 9 0.02838103 -0.251104281495593
4905650 4913050 6 0.0110616105 -1.22620459201082
4913050 4920550 7 0.0303937114285714 -0.0932741560512319
4920550 4930350 9 0.0149464444444444 -1.22125310982945
4930350 4935050 5 0.026369136 -0.295450729329645
4935050 4937850 3 0.0196325666666667 -0.509716673971873
4937850 4941050 6 0.041664495 0.578187120684336
4941050 4944750 27 0.0274222046666667 -0.554851613533319
4944750 4947850 22 0.053281995 2.41879070317404
4947850 4953450 4 0.0188799025 -0.624804767914243
4953450 4956650 8 0.02401117425 -0.534255690079211
4956650 4961250 17 0.0204121294117647 -1.13599913460449
4961250 4964950 6 0.0521571433333333 1.19684931564479
4964950 4971250 11 0.0326119572727273 0.0601666215269039
4971250 4974550 30 0.0941239256666667 8.20921687127702
4974550 4977050 19 0.0414991221052632 1.01154014424263
4977050 4978550 10 0.073652844 3.18135616185807
4978550 4979250 4 0.017131225 -0.708989348611747
4979250 4979550 2 0.09971001 2.30976899719193
4979550 4988250 4 0.025793575 -0.291967740793828
4988250 4991850 7 0.0456270285714286 0.876870150219628
4991850 4995450 6 0.0103461003333333 -1.26839213858286
4995450 4999550 3 0.0445674666666667 0.529870933016273
4999550 5010750 2 0.01883055 -0.44348371812994
5010750 5019350 3 0.265367 9.73546062786563
5019350 5026750 8 0.0137498475 -1.23287622333308
5026750 5031450 11 0.0324858545454545 0.0500993065344027
5031450 5038350 4 0.003995738 -1.34135607452462
5038350 5039150 3 0.0216509666666667 -0.425565399014088
5039150 5039750 1 0.0136986 -0.437121143828346
5039750 5049050 2 0.037078565 0.177704861121011
5049050 5056550 4 0.0285562775 -0.158966114390764
5056550 5066850 4 0.053178075 1.02637291956852
5066850 5073850 18 0.011228153 -2.10684061779146
5073850 5076150 13 0.0337567307692308 0.164761720928761
5076150 5078550 9 0.0221836166666667 -0.698636753500109
5078550 5082450 5 0.037548 0.306243034319197
5082450 5085450 5 0.019687956 -0.655060108226764
5085450 5088250 12 0.0311213066666667 -0.0614546334585063
5088250 5091850 9 0.0243901718888889 -0.539295257281969
5091850 5098150 3 0.0637586 1.32998901559894
5098150 5108250 4 0.027401925 -0.214538786418404
5108250 5110150 5 0.08471028 2.84471651028782
5110150 5111550 1 0.00670247 -0.605524485941236
5111550 5118450 2 0.07550335 1.48573960364908
5118450 5139850 28 0.0193708651785714 -1.59054344041907
5139850 5146150 4 0.08221475 2.42425235115306
5146150 5157450 3 0.0237794666666667 -0.336823827101857
5157450 5165150 4 0.04038275 0.41038222373508
5165150 5168750 8 0.0258250525 -0.410761660394152
5168750 5180650 3 0.0445842333333333 0.530569970063832
5180650 5180850 2 0.0369871 0.174591261455448
5180850 5180950 0 NA NA
5180950 5184950 7 0.0246863257142857 -0.456752950753685
5184950 5185650 7 0.0413403968571429 0.603873053678225
5185650 5185850 2 0.020414785 -0.389554088586692
5185850 5186050 2 0.0492754795 0.592905308375155
5186050 5187650 8 0.03473577125 0.19590560948888
5187650 5191150 4 0.0768545 2.16619996660314
5191150 5196450 12 0.0194453933333333 -1.03504063553599
5196450 5199350 3 0.0429838 0.463844590810494
5199350 5208650 4 0.03234625 0.0234901966028694
5208650 5218250 3 0.0958650333333333 2.66857269541816
5218250 5218950 2 0.04380415 0.406653412006217
5218950 5220850 3 0.0863365666666667 2.27131119205275
5220850 5228250 11 0.0211800145454545 -0.852493801453301
5228250 5229450 2 0.0438972 0.40982096734302
5229450 5233650 9 0.0223907955555556 -0.683675789093734
5233650 5234350 2 0.068823 1.25833091698375
5234350 5236350 1 0.00691383 -0.600436854580901
5236350 5242750 8 0.0479734375 1.09716386584561
5242750 5251650 7 0.0158963624285714 -1.01654782366251
5251650 5256150 8 0.03299848625 0.0776262677737418
5256150 5258750 3 0.0199426933333333 -0.496786851142697
5258750 5260950 6 0.0448782348333333 0.767674014379764
5260950 5273150 2 0.013684335 -0.618668251043243
5273150 5273350 2 0.0457753 0.473754182582661
5273350 5276750 3 0.0324687533333333 0.0254505245993327
5276750 5280650 11 0.0680637890909091 2.89043655853557
5280650 5286050 12 0.0201403710833333 -0.977090512934139
5286050 5289750 3 0.0342387 0.0992432656849853
5289750 5292150 4 0.0123059375 -0.941287645428858
5292150 5294350 6 0.0515182616666667 1.15917989972009
5294350 5297450 9 0.00628075466666667 -1.84702669620846
5297450 5300650 8 0.0444914125 0.860097624649924
5300650 5305750 12 0.00960068225 -1.85593341125294
5305750 5306350 3 0.0229175333333333 -0.372759612341955
5306350 5308550 1 0.00960604 -0.535632861277497
5308550 5312750 2 0.0391715 0.248951367610324
5312750 5314350 3 0.0254186053333333 -0.268484742365133
5314350 5317050 3 0.0461283666666667 0.594948085751909
5317050 5320250 2 0.01669095 -0.516318768088269
5320250 5326750 4 0.04086304 0.433504275836284
5326750 5337750 10 0.0105428 -1.62251463603607
5337750 5344550 2 0.023970375 -0.268516709973244
5344550 5352750 3 0.0240801966666667 -0.324285770761164
5352750 5368250 5 0.0455009 0.734301764877407
5368250 5371850 1 0.00269136 -0.702075626297752
5371850 5376650 2 0.074909605 1.46552767303704
5376650 5389050 9 0.00953679555555556 -1.6118989179603
5389050 5394050 19 0.02341241 -0.886167301796297
5394050 5399050 14 0.0150159372142857 -1.51691136199472
5399050 5404850 1 0.0952814 1.52665256805629
5404850 5411050 7 0.0104857171428571 -1.3611284995561
5411050 5412750 5 0.016934958 -0.803238109849982
5412750 5417050 1 0.00904224 -0.549204050532592
5417050 5422350 4 0.04207525 0.49186231530744
5422350 5429250 4 0.014049975 -0.857326442943996
5429250 5437450 3 0.0916394333333333 2.49239868260523
5437450 5438350 0 NA NA
5438350 5440550 1 0.0751887 1.0430026312953
5440550 5450350 20 0.0182409065 -1.46589287096318
5450350 5453850 24 0.304050304166667 32.09769152727
5453850 5467150 9 0.0529820311111111 1.52540250429913
5467150 5476650 13 0.0372247792307692 0.465750059082655
5476650 5484950 15 0.0139541126 -1.6691424150995
5484950 5490450 1 0.0561784 0.585407067094996
5490450 5495950 9 0.0179108544444444 -1.00718481004391
5495950 5499150 2 0.11322685 2.76990159986473
5499150 5503250 16 0.018492077125 -1.28695080267526
5503250 5509250 13 0.0472936 1.33961259708069
5509250 5511650 5 0.011318342 -1.10554814958303
5511650 5512350 4 0.03923886 0.355313235877647
5512350 5516150 7 0.00362919557142857 -1.79779080369934
5516150 5523950 6 0.0384679185 0.389712202720439
5523950 5524250 2 0.004620175 -0.927225246009725
5524250 5525050 1 0.0972818 1.57480405260026
5525050 5531050 4 0.0147809625 -0.822135347854927
5531050 5535650 13 0.0404583769230769 0.74639065752291
5535650 5539550 18 0.0230278871111111 -0.901801044771585
5539550 5542250 10 0.055484945 1.79843461825734
5542250 5544550 8 0.01889053 -0.882883825962161
5544550 5550350 5 0.05276208 1.12512919803445
5550350 5555250 2 0.005893505 -0.883879268180487
5555250 5557550 8 0.024372645 -0.509645725473935
5557550 5562150 16 0.016113315375 -1.51598681475069
5562150 5566550 5 0.167302428 7.29017540288748
5566550 5574250 4 0.015898925 -0.768314557973412
5574250 5577750 5 0.024135954 -0.415650034240488
5577750 5582550 15 0.015512206 -1.52388712674418
5582550 5585050 14 0.0371986671428571 0.480979888712542
5585050 5587050 11 0.0114506372727273 -1.62923121073699
5587050 5589350 4 0.04500395 0.632855369480538
5589350 5596250 11 0.0109303102727273 -1.67077111967784
5596250 5601950 5 0.03699912 0.276699990143011
5601950 5616250 4 0.01299634675 -0.90805006261503
5616250 5626250 3 0.0510200533333333 0.798892630784607
5626250 5632850 3 0.0188794366666667 -0.541116222975517
5632850 5637150 5 0.024334905 -0.404941649562787
5637150 5643250 8 0.0145017725 -1.18168301437821
5643250 5649950 4 0.0440918 0.588942775372575
5649950 5659350 11 0.0155094230909091 -1.30520114253426
5659350 5665850 12 0.0414831299166667 0.802557096005148
5665850 5673150 21 0.0170403019047619 -1.63452811869368
5673150 5681050 12 0.0278619608333333 -0.333232385542676
5681050 5688750 13 0.0206769221307692 -0.97042133926269
5688750 5692850 4 0.060434925 1.37573114853566
5692850 5697850 6 0.024481935 -0.434922243790353
5697850 5702750 3 0.0289373 -0.121783076497536
5702750 5709450 1 0.00725435 -0.59224022214893
5709450 5712650 3 0.0255636033333333 -0.26243947553679
5712650 5719150 7 0.0152391355714286 -1.05840376924587
5719150 5722450 8 0.109615725 5.29394746054385
5722450 5726050 3 0.023281 -0.357605934475994
5726050 5728650 5 0.049397648 0.944041231258884
5728650 5734050 6 0.0123751116666667 -1.148758604207
5734050 5737150 4 0.036233015 0.210606278210102
5737150 5741350 15 0.027703366 -0.387350343271639
5741350 5745750 6 0.0670780333333333 2.07660724375892
5745750 5752550 4 0.01021516 -1.04194155512306
5752550 5757150 7 0.02487414 -0.444791868461935
5757150 5764450 3 0.01478592 -0.711783408152362
5764450 5771850 6 0.0319617666666667 0.00609978704756154
5771850 5775050 11 0.0143179027272727 -1.40032526141841
5775050 5782950 4 0.0459378925 0.677817094989145
5782950 5791950 1 0.0100247 -0.525555326524858
5791950 5796250 3 0.0535965183333333 0.906310791027428
5796250 5800150 4 0.02319537 -0.417050152211117
5800150 5802750 5 0.0755996 2.35434116100365
5802750 5805250 3 0.0186179333333333 -0.552018838366773
5805250 5809250 2 0.14548459 3.86800129347232
5809250 5819850 2 0.020233 -0.395742310477081
5819850 5823650 1 0.0353973 0.0851867034393512
5823650 5827250 7 0.0230689985714286 -0.559753545063237
5827250 5834450 4 0.0413104125 0.455041618386923
5834450 5845350 6 0.020785861 -0.652848279328214
5845350 5853950 4 0.07323281 1.9918450875209
5853950 5856550 5 0.013417966 -0.992537501380541
5856550 5856850 2 0.040778485 0.303655439753382
5856850 5866750 46 0.0112803376956522 -3.35949803412743
5866750 5870550 4 0.081091325 2.37016858638221
5870550 5879550 8 0.0142919325 -1.1959695229623
5879550 5887950 8 0.02899694 -0.194810469026888
5887950 5890650 16 0.01587796 -1.53864770397615
5890650 5892250 1 0.103339 1.72060647820501
5892250 5894450 11 0.0159427027272727 -1.27061059343633
5894450 5895050 1 0.0415851 0.234132792252186
5895050 5895250 1 0.000281737 -0.760077488246013
5895250 5896450 4 0.03105182 -0.0388260662828081
5896450 5898950 5 0.01549611 -0.880682997670302
5898950 5902850 7 0.03842251 0.418045417172472
5902850 5903250 1 0.000822201 -0.747068018168741
5903250 5903650 3 0.0520932666666667 0.843637116665351
5903650 5905650 6 0.0298280666666667 -0.119706347252545
5905650 5909650 5 0.0462658188 0.775472931434023
5909650 5915850 22 0.0153194363636364 -1.86728316435606
5915850 5917150 5 0.06459584 1.76207223558434
5917150 5919850 3 0.00477661333333333 -1.12909212666379
5919850 5925450 4 0.087744215 2.69045105989525
5925450 5930350 4 0.029286445 -0.123814495623756
5930350 5930450 0 NA NA
5930450 5931650 2 0.00856583 -0.792909495849261
5931650 5934250 8 0.03466059625 0.190787480043547
5934250 5938750 4 0.0162941325 -0.749288535350025
5938750 5938850 0 NA NA
5938850 5940350 3 0.01126682 -0.85850197320584
5940350 5940550 1 0.0602141 0.682550111573156
5940550 5945450 8 0.01515690875 -1.1370794609119
5945450 5949050 3 0.0930142666666667 2.54971833076935
5949050 5949850 3 0.0380516 0.258210961031071
5949850 5952550 3 0.0941330333333333 2.5963620294318
5952550 5956950 6 0.0247844441666667 -0.417085852147348
5956950 5958150 3 0.0342320266666667 0.098965040601643
5958150 5958450 2 0.03568319 0.130204296606334
5958450 5962750 8 0.0345955875 0.186361498033846
5962750 5966050 8 0.01167690625 -1.37400800451127
5966050 5969650 11 0.0288492745454545 -0.240224282393614
5969650 5973450 5 0.009234944 -1.21768544580548
5973450 5974450 4 0.0119497475 -0.958435293179026
5974450 5984850 11 0.0138777582727273 -1.43546385803677
5984850 5987250 11 0.0614398172727273 2.36161682372633
5987250 5989550 8 0.00714820125 -1.68233521980528
5989550 5993550 3 0.0614843 1.23516873981788
5993550 6007350 12 0.0140358683333333 -1.48610923013173
6007350 6010350 7 0.107260142857143 4.8020175321911
6010350 6017750 6 0.0161725733333333 -0.924854600628159
6017750 6022250 2 0.0515295 0.669635396113329
6022250 6028650 25 0.01737819312 -1.74274961224864
6028650 6032050 7 0.0338499828571429 0.126840873125291
6032050 6040350 5 0.012891466 -1.02087595925615
6040350 6044050 2 0.2552075 7.60312637826538
6044050 6047650 14 0.0347205145085714 0.257784660627491
6047650 6048550 5 0.056246312 1.31266530774164
6048550 6050150 6 0.01999674 -0.69937603042023
6050150 6052650 9 0.0433326222222222 0.828591821977887
6052650 6058150 20 0.0180300627 -1.48858988195893
6058150 6063150 5 0.06425978 1.74398406435229
6063150 6066750 13 0.0232801046153846 -0.744493824510452
6066750 6070950 5 0.11750104 4.60965396701919
6070950 6075550 4 0.0126151125 -0.926403387046652
6075550 6077550 8 0.02711026 -0.323261050495742
6077550 6082650 23 0.012741722 -2.20682146812076
6082650 6088350 7 0.0552903471428571 1.49228525671524
6088350 6093550 12 0.0243503583333333 -0.626044343053522
6093550 6095550 8 0.0603612 1.94055823914849
6095550 6096150 4 0.02104133 -0.520749636081442
6096150 6097150 7 0.0710280714285714 2.4945530796894
6097150 6097550 1 0.00382268 -0.67484370393508
6097550 6101250 10 0.059279566 2.08727721534024
6101250 6102250 4 0.0331903225 0.064125413497233
6102250 6103550 1 0.0662728 0.828388643570041
6103550 6111050 8 0.011441895 -1.39000824393408
6111050 6114950 2 0.02968795 -0.0738822639246868
6114950 6119950 8 0.022447495125 -0.640715446284269
6119950 6130150 7 0.0580174714285714 1.66596404732056
6130150 6139650 5 0.010000472 -1.17648148952704
6139650 6143350 5 0.02382112 -0.43259573233509
6143350 6146450 1 0.013363 -0.445199347294132
6146450 6154750 3 0.02182255 -0.418411734595981
6154750 6169750 16 0.016445258125 -1.48402613449452
6169750 6173550 5 0.072600606 2.19292261373263
6173550 6176350 10 0.024471171 -0.562301546830561
6176350 6179350 18 0.0645624949444445 3.3398916592952
6179350 6184950 8 0.01912745875 -0.866753037643957
6184950 6196850 9 0.0471254766666667 1.10248440170075
6196850 6208750 7 0.00807325428571429 -1.51476786011024
6208750 6210750 12 0.0186080741666667 -1.10485977487566
6210750 6212150 7 0.0135716804285714 -1.16459679980084
6212150 6215050 4 0.0319796675 0.00584223461242642
6215050 6218550 10 0.0139604379 -1.36236759976422
6218550 6219050 4 0.02300587 -0.426173033955851
6219050 6219150 1 0.0280319 -0.0921053102879919
6219150 6219250 1 0.00948001 -0.538666520344222
6219250 6219350 0 NA NA
6219350 6219850 2 0.02556226 -0.214326663467862
6219850 6222550 4 0.0099203675 -1.05613341325886
6222550 6224950 4 0.04071295 0.426278664643318
6224950 6229950 12 0.0264343475 -0.452272696825607
6229950 6233250 4 0.053414825 1.03777050401742
6233250 6236750 2 0.0456797 0.470499821591815
6236750 6250950 1 0.0713613 0.95087356113753
6250950 6254550 4 0.01529617 -0.797332302490811
6254550 6257950 3 0.04120355 0.389622282425834
6257950 6269750 4 0.0074434025 -1.17537910603376
6269750 6281750 6 0.0273955266666667 -0.263132533656624
6281750 6304250 1 0.00790673 -0.576536830083945
6304250 6308150 2 0.00954135 -0.759701397169438
6308150 6317650 4 0.0127763425 -0.918641475575921
6317650 6317750 1 0.000538409 -0.753899154992228
6317750 6322050 4 0.017944925 -0.66981632024399
6322050 6327750 25 0.0356024532 0.450624656816198
6327750 6331950 6 0.028233815 -0.213705803260811
6331950 6332450 0 NA NA
6332450 6333650 3 0.01808186 -0.574368845536249
6333650 6337250 3 0.0389534333333333 0.295810259881363
6337250 6344050 2 0.0240311 -0.26644954395683
6344050 6345950 7 0.0588450714285714 1.71867032398639
6345950 6346150 1 0.0203191 -0.277759564432539
6346150 6350350 9 0.0558050888888889 1.72926336655679
6350350 6354950 5 0.0165700608 -0.822878421210146
6354950 6357550 3 0.0284652466666667 -0.141463957318024
6357550 6360250 3 0.0404438866666667 0.357950345228707
6360250 6360350 1 0.0394016 0.181573920775599
6360350 6361550 4 0.0123276125 -0.940244170696314
6361550 6366350 10 0.03795346 0.463956245286799
6366350 6382650 6 0.00874392666666667 -1.36285868752637
6382650 6386950 11 0.0359791627272727 0.32898489920033
6386950 6393350 11 0.02030539 -0.922318784542055
6393350 6394850 2 0.017936195 -0.473928843903674
6394850 6398750 7 0.0231500671428571 -0.554590637191538
6398750 6402050 7 0.0433025885714286 0.728836586018175
6402050 6407950 23 0.0146921456521739 -1.98166433602638
6407950 6413450 10 0.038691155 0.520108820117082
6413450 6421350 12 0.0177795708333333 -1.17394381352684
6421350 6424650 8 0.036301115 0.302478698134616
6424650 6430350 9 0.0163090266666667 -1.12285725378082
6430350 6436150 4 0.0618682 1.44473166744164
6436150 6437550 4 0.03199519 0.00658951657486793
6437550 6437650 1 0.0129318 -0.455578731484974
6437650 6446850 4 0.005460525 -1.27083850944692
6446850 6454250 2 0.044463825 0.429109694293215
6454250 6459850 2 0.011674345 -0.687091190875801
6459850 6464450 4 0.0259628275 -0.283819611281951
6464450 6471250 22 0.0112353591818182 -2.32838634366599
6471250 6478650 11 0.0415298916363636 0.772123105441844
6478650 6481850 2 0.0195591 -0.418682832147915
6481850 6484550 8 0.04087341625 0.613774071071875
6484550 6487750 3 0.0157633266666667 -0.671033300566036
6487750 6491550 8 0.03519752375 0.227343043033359
6491550 6496550 1 0.00864718 -0.558713511382393
6496550 6499650 1 0.026568 -0.127342741913628
6499650 6510650 4 0.0089435325 -1.10316006333335
6510650 6513050 4 0.01719451 -0.705942691243855
6513050 6513850 2 0.008670305 -0.789353017140906
6513850 6514950 2 0.0229189 -0.304310425693441
6514950 6516250 7 0.0142368442857143 -1.12223538089958
6516250 6518650 7 0.0217646042857143 -0.642824794584969
6518650 6521250 3 0.0141371566666667 -0.738831694738699
6521250 6521450 1 0.0492237 0.418000983532725
6521450 6525150 4 0.008424995 -1.12812342107853
6525150 6527350 5 0.05416146 1.20044975108662
6527350 6528550 9 0.0196986177777778 -0.878085442147563
6528550 6546050 3 0.064491 1.36052428798255
6546050 6554950 1 0.014162 -0.425966675753123
6554950 6556450 3 0.0320046433333333 0.00610081779163459
6556450 6559750 21 0.0190270003333333 -1.41538167313081
6559750 6561750 8 0.03428241375 0.165039731603777
6561750 6561950 2 0.02030938 -0.393142225827699
6561950 6566750 7 0.0416031871428571 0.620609034229155
6566750 6575650 19 0.0144634796842105 -1.82511361749595
6575650 6580850 6 0.0384779783333333 0.390305345497479
6580850 6580950 0 NA NA
6580950 6583950 15 0.041736662 0.920921970220929
6583950 6591550 14 0.0166491778571429 -1.36981327257242
6591550 6595350 3 0.0962380333333333 2.6841238376889
6595350 6596550 10 0.03616074 0.327496266637429
6596550 6597150 0 NA NA
6597150 6613250 14 0.0231340815714286 -0.785749343823825
6613250 6613550 3 0.04341877 0.481979390685835
6613550 6617550 5 0.019317534 -0.674997787701023
6617550 6621550 7 0.07787152 2.93038282081325
6621550 6631250 17 0.0256925164705882 -0.611936671029937
6631250 6636350 4 0.189755 7.60143959943337
6636350 6638050 14 0.0747808014285714 3.86582104731243
6638050 6640650 16 0.1428249375 10.6842785607615
6640650 6645950 2 0.03891445 0.240201017268303
6645950 6650550 9 0.0472142122222222 1.1088922432302
6650550 6664150 9 0.00905441888888889 -1.64673268012193
6664150 6669550 5 0.02100148 -0.584360688392774
6669550 6677750 4 0.011327375 -0.988397460559893
6677750 6678450 2 0.02407735 -0.264875127682492
6678450 6678750 1 0 -0.766859159312282
6678750 6681250 5 0.031814172 -0.00237585123438953
6681250 6683150 8 0.01497709 -1.14932203675756
6683150 6689450 6 0.034446695 0.152614867719387
6689450 6697850 11 0.0110595623636364 -1.66045237764297
6697850 6703850 11 0.0191732927272727 -1.0126989063141
6703850 6711550 9 0.00690068222222222 -1.80226000138286
6711550 6718150 7 0.0524222285714286 1.30962714780258
6718150 6725250 3 0.0149995666666667 -0.702876036278362
6725250 6730050 4 0.0436686675 0.568572391415564
6730050 6735050 10 0.011590339 -1.54277705873767
6735050 6738450 11 0.0459761212727273 1.12708445517902
6738450 6738401 0 NA NA
