sample.ACAGGCGC.aln.sam.sort.bam 145197569 136889220 8308349 116420456
sample.ACGCACCT.aln.sam.sort.bam 147247577 141037002 6210575 120893040
sample.ACAGGCGC.aln.sam.sort.bam 145197569 136889220 8308349 116420456
sample.ACGCACCT.aln.sam.sort.bam 147247577 141037002 6210575 120893040
sample.AGGTTATA.aln.sam.sort.bam 160250696 153382791 6867905 130329906
sample.AGTACTCC.aln.sam.sort.bam 149045262 140454794 8590468 118827570
sample.CATAGAGT.aln.sam.sort.bam 148555526 141434078 7121448 122582948
sample.CGCTATGT.aln.sam.sort.bam 146504951 139517802 6987149 118441745
sample.CGTCTGCG.aln.sam.sort.bam 149045262 140454794 8590468 118827570
sample.CTAGCGCT.aln.sam.sort.bam 207977326 195474836 12502490 164850837
sample.CTCACCAA.aln.sam.sort.bam 131479982 126230382 5249600 108120198
sample.CTGCTTCC.aln.sam.sort.bam 145869578 139841950 6027628 119395105
sample.GAACCGCG.aln.sam.sort.bam 128659741 122910845 5748896 105389936
sample.GACGTCTT.aln.sam.sort.bam 152618583 144613582 8005001 123137257
sample.GTATGTTC.aln.sam.sort.bam 217633564 208323202 9310362 180412935
sample.GTGAATAT.aln.sam.sort.bam 140467592 135352278 5115314 116884104
sample.TACTCATA.aln.sam.sort.bam 130916623 125266545 5650078 107263505
sample.TATCGCAC.aln.sam.sort.bam 133658046 127855760 5802286 108865200
sample.TCATCCTT.aln.sam.sort.bam 131928765 126889874 5038891 108411209
sample.TCGATAAC.aln.sam.sort.bam 152298791 143951843 8346948 122227467
sample.TCTGTTGG.aln.sam.sort.bam 130870155 124978092 5892063 107314671
sample.TGCGAGAC.aln.sam.sort.bam 128838485 120915272 7923213 102104263
